# sector  name  nmodules nlayers nbars first_bar iwy iwx iwz      dy         dx      dz
     0   CRV_R1     18       4     16        0    0  2  1       9.900     25.650   2275.000
     1   CRV_R2      1       4     16     1152    0  2  1       9.900     25.650    522.500
     2   CRV_R3      1       4     16     1216    0  2  1       9.900     25.650   1520.000
     3   CRV_R4      2       4     16     1280    0  2  1       9.900     25.650   2275.000
     4   CRV_R5      4       4     16     1408    0  2  1       9.900     25.650   1600.000
     5   CRV_L1     15       4     16     1664    0  2  1       9.900     25.650   2275.000
     6   CRV_L2      4       4     16     2624    0  2  1       9.900     25.650   1600.000
     7   CRV_T1      3       4     16     2880    1  2  0       9.900     25.650   3000.000
     8   CRV_T2      2       4     16     3072    1  2  0       9.900     25.650   3000.000
     9   CRV_T3      4       4     16     3200    1  2  0       9.900     25.650   3000.000
    10   CRV_T4     16       4     16     3456    1  2  0       9.900     25.650   3000.000
    11   CRV_E1      1       4     16     4480    1  0  2       9.900     25.650   2500.000
    12   CRV_E2      1       4     16     4544    1  0  2       9.900     25.650   2500.000
    13   CRV_U       4       4     16     4608    2  1  0       9.900     25.650   3450.000
    14   CRV_D1      3       4     16     4864    2  1  0       9.900     25.650   2850.000
    15   CRV_D2      1       4     16     5056    2  1  0       9.900     25.650   1185.000
    16   CRV_D3      1       4     16     5120    2  1  0       9.900     25.650   1185.000
    17   CRV_D4      1       4     16     5184    2  1  0       9.900     25.650   2850.000
    18   CRV_C1      1       4     16     5248    0  1  2       9.900     25.650    450.000
    19   CRV_C2      1       4     16     5312    0  1  2       9.900     25.650    450.000
    20   CRV_C3      1       4     22     5376    0  1  2       9.900     25.650   1050.000
    21   CRV_C4      1       4     10     5464    0  1  2       9.900     25.650    775.000
